 0  8     1263.2145   0.007402
 0  9     1407.4784   0.009510
 0 10     1548.3098   0.010560
 0 11     1686.5718   0.014560
 0 12     1822.1893   0.016200
 0 13     1957.4283   0.019520
 0 14     2093.5150   0.020700
 0 15     2228.8433   0.040420
 0 16     2362.8245   0.053110
 0 17     2496.2342   0.048500
 0 18     2629.7491   0.040360
 0 19     2764.1660   0.039990
 0 20     2899.0708   0.043530
 0 21     3033.8001   0.041410
 0 22     3168.6569   0.043660
 0 23     3303.4259   0.058350
 0 24     3439.0341   0.074690
 0 25     3574.8460   0.117300
 0 26     3710.7160   0.187500
 0 27     3847.3695   0.355000
 0 28     3984.0182   0.616900
