          32
  0.000000000000000E+000  0.000000000000000E+000  0.000000000000000E+000
  0.000000000000000E+000  0.000000000000000E+000  0.000000000000000E+000
  0.000000000000000E+000  0.000000000000000E+000  0.000000000000000E+000
  0.000000000000000E+000  0.000000000000000E+000  0.000000000000000E+000
  0.000000000000000E+000  0.000000000000000E+000  0.000000000000000E+000
  0.000000000000000E+000  0.000000000000000E+000  0.000000000000000E+000
  0.000000000000000E+000  0.000000000000000E+000  0.000000000000000E+000
  0.000000000000000E+000  0.000000000000000E+000  0.000000000000000E+000
  0.000000000000000E+000  0.000000000000000E+000  0.000000000000000E+000
  0.000000000000000E+000  0.000000000000000E+000  0.000000000000000E+000
  0.000000000000000E+000  0.000000000000000E+000  0.000000000000000E+000
   3.22779002529207       1.353084311261910E-016 -0.223940559968205     
  7.979727989493313E-017  4.281007829412355E-002 -4.857225732735060E-017
 -1.126235269264059E-002  2.081668171172169E-017  3.438883357841316E-003
  6.938893903907228E-018 -1.144996670686578E-003 -2.081668171172169E-017
  4.034182631114311E-004 -1.387778780781446E-017 -1.479100671409467E-004
  0.000000000000000E+000  5.585497329459871E-005  0.000000000000000E+000
 -2.157791554380922E-005  6.938893903907228E-018  8.488097897219049E-006
 -1.040834085586084E-017 -3.388650796288389E-006 -3.469446951953614E-018
  1.370005293849230E-006  0.000000000000000E+000 -5.609133113745890E-007
 -3.469446951953614E-018  2.343778509380362E-007  0.000000000000000E+000
 -1.043503050981998E-007  8.673617379884035E-019  5.847087939173101E-008
   7.08981540362204      -1.457167719820518E-016 -2.781802566076408E-014
  6.938893903907228E-018 -7.063793994177558E-015 -1.665334536937735E-016
  1.093569679255779E-014 -4.163336342344337E-017  2.747801985947262E-015
  5.551115123125783E-017 -2.121913755814830E-014  2.775557561562891E-017
 -3.479161403419084E-014  5.551115123125783E-017 -2.463307335887066E-014
  0.000000000000000E+000 -7.910339050454240E-016 -1.387778780781446E-017
  7.494005416219807E-015 -1.387778780781446E-017 -4.649058915617843E-015
  1.387778780781446E-017 -1.749989042565403E-014  1.387778780781446E-017
 -2.271099974748836E-014  1.387778780781446E-017 -1.329492071988625E-014
 -1.387778780781446E-017  5.329070518200751E-015  3.469446951953614E-018
  1.153591111524577E-014  8.673617379884035E-018  1.495331636292008E-015
