 dertype=                 spectral                
    2
   96   33
 0.000000 1.000000 2.000000
 0.000000000E+00
 2.733713342E-04
 1.093186409E-03
 2.458548770E-03
 4.367965411E-03
 6.819348416E-03
 9.810017231E-03
 1.333670160E-02
 1.739554516E-02
 2.198210961E-02
 2.709137961E-02
 3.271776826E-02
 3.885512318E-02
 4.549673326E-02
 5.263533599E-02
 6.026312543E-02
 6.837176069E-02
 7.695237511E-02
 8.599558590E-02
 9.549150445E-02
 1.054297471E-01
 1.157994466E-01
 1.265892637E-01
 1.377874000E-01
 1.493816104E-01
 1.613592170E-01
 1.737071222E-01
 1.864118240E-01
 1.994594298E-01
 2.128356723E-01
 2.265259248E-01
 2.405152172E-01
 2.547882525E-01
 2.693294231E-01
 2.841228287E-01
 2.991522928E-01
 3.144013809E-01
 3.298534184E-01
 3.454915087E-01
 3.612985518E-01
 3.772572629E-01
 3.933501914E-01
 4.095597399E-01
 4.258681834E-01
 4.422576891E-01
 4.587103351E-01
 4.752081308E-01
 4.917330360E-01
 5.082669811E-01
 5.247918863E-01
 5.412896820E-01
 5.577423280E-01
 5.741318337E-01
 5.904402773E-01
 6.066498258E-01
 6.227427542E-01
 6.387014653E-01
 6.545085084E-01
 6.701465987E-01
 6.855986362E-01
 7.008477243E-01
 7.158771884E-01
 7.306705940E-01
 7.452117647E-01
 7.594847999E-01
 7.734740923E-01
 7.871643448E-01
 8.005405874E-01
 8.135881932E-01
 8.262928949E-01
 8.386408002E-01
 8.506184067E-01
 8.622126172E-01
 8.734107535E-01
 8.842005706E-01
 8.945702700E-01
 9.045085127E-01
 9.140044312E-01
 9.230476420E-01
 9.316282565E-01
 9.397368917E-01
 9.473646812E-01
 9.545032839E-01
 9.611448940E-01
 9.672822489E-01
 9.729086375E-01
 9.780179075E-01
 9.826044720E-01
 9.866633155E-01
 9.901899999E-01
 9.931806687E-01
 9.956320517E-01
 9.975414684E-01
 9.989068307E-01
 9.997266458E-01
 1.000000017E+00
 1.000000017E+00
 1.002407654E+00
 1.009607377E+00
 1.021529849E+00
 1.038060250E+00
 1.059039384E+00
 1.084265210E+00
 1.113494789E+00
 1.146446624E+00
 1.182803372E+00
 1.222214897E+00
 1.264301644E+00
 1.308658296E+00
 1.354857672E+00
 1.402454849E+00
 1.450991439E+00
 1.500000009E+00
 1.549008578E+00
 1.597545168E+00
 1.645142345E+00
 1.691341721E+00
 1.735698373E+00
 1.777785120E+00
 1.817196645E+00
 1.853553393E+00
 1.886505229E+00
 1.915734808E+00
 1.940960633E+00
 1.961939767E+00
 1.978470168E+00
 1.990392640E+00
 1.997592363E+00
 2.000000000E+00
